
0 0 0 3
0 2000 0 3
0 4000 0 3
0 6000 0 3
0 8000 0 3
0 0 1000 3
0 2000 1000 3
0 4000 1000 3
0 6000 1000 3
0 8000 1000 3
0 0 500 2
0 9850 500 2

9 500 785 false true 2 210 25 50 12
9 900 785 false true 2 150 25 50 12

8 300 930 false true false 10
8 500 930 false true false 10
8 700 930 false true false 10
8 900 930 false true false 10
8 1100 930 false true false 10

0 1300 400 15
0 1300 400 18

5 1310 900 100 100 0 false false 8
1 1310 1000 17 0 1 2 4 2 true true false

0 1425 500 16
0 1425 500 19

0 2145 500 16

0 2155 500 21
0 2155 750 21
4 2530 499 false true 7
4 2205 649 false true 7
7 2570 735 0 11

0 2620 500 16
0 2620 500 18
0 3455 500 15

0 3855 750 22
0 3855 750 18

4 4500 749 false true 7
9 4055 785 false true 2 150 25 50 12
6 4055 395 true false true true 100 10